%%MatrixMarket matrix coordinate real general
40 40 536
1 1 5.1714423607385
1 5 0.22508441946706
1 8 0.65896460817147
1 18 0.62740343605513
1 21 0.16104673881133
1 22 0.38778369007063
1 24 0.27800669254642
1 30 0.8640918027908
1 32 0.032589597177035
1 34 0.65382667428526
1 35 0.086985417216544
1 37 0.40200153943244
1 39 0.05686855225678
2 2 11.699558365049
2 8 0.1191987163011
2 10 0.78996067996601
2 13 0.77912443446886
2 15 0.13394123927408
2 16 0.69120311117321
2 20 0.98042499878464
2 27 0.49586930568138
2 28 0.72992430661336
2 35 0.27252646920855
2 36 0.77687602340098
2 39 0.45190062068957
3 3 8.7956539654734
3 4 0.97485253446496
3 8 0.94762322257628
3 17 0.1118950592875
3 24 0.13559797365945
3 28 0.90775406682294
3 30 0.9539713808121
3 33 0.71610964448941
3 34 0.17507189986067
3 40 0.86687606799736
4 3 0.97485253446496
4 4 9.7682635822485
4 5 0.98592499363512
4 10 0.27949460841692
4 12 0.22060646918631
4 16 0.65702656361136
4 18 0.53512420716468
4 19 0.13256628677834
4 20 0.49072650656604
4 23 0.60149103757063
4 24 0.39676449838875
4 27 0.16179380852813
4 30 0.17411380455555
4 37 0.6646953083876
4 39 0.22032083488084
5 1 0.22508441946706
5 4 0.98592499363512
5 5 8.5584124593243
5 6 0.4116158347631
5 10 0.14450257837051
5 20 0.75560784235392
5 32 0.28406941438283
5 33 0.93647692303009
5 34 0.63197515561803
5 37 0.64256973827377
5 39 0.63454246457412
6 5 0.4116158347631
6 6 6.7228372106186
6 8 0.13973374764423
6 13 0.183048155244
6 14 0.83543993059333
6 18 0.065299823444942
6 22 0.39426117082791
6 28 0.19573178337688
6 32 0.32574296525016
6 33 0.044251194710029
6 34 0.97404789644016
6 37 0.25235791748965
7 7 6.8365714353005
7 9 0.71401111069788
7 11 0.20432443274386
7 14 0.56253893233954
7 17 0.3644102720378
7 24 0.55098920993087
7 25 0.95569524166905
7 32 0.73439186379984
7 38 0.21948499289317
8 1 0.65896460817147
8 2 0.1191987163011
8 3 0.94762322257628
8 6 0.13973374764423
8 8 10.319416841892
8 12 0.64201529912744
8 14 0.44947382316435
8 17 0.45080329964441
8 18 0.46504025555451
8 24 0.88155033247618
8 25 0.092106863899206
8 29 0.2183824406091
8 32 0.37718877679538
8 36 0.89669200028139
8 37 0.093096737327565
8 38 0.46409616268431
8 39 0.040845128726608
8 40 0.77305414517087
9 7 0.71401111069788
9 9 15.973037044918
9 13 0.26318011352009
9 15 0.12586346507346
9 16 0.96898153515951
9 17 0.41544446415056
9 25 0.34901871129359
9 26 0.91805180856867
9 29 0.25305365550008
9 30 0.99725481355435
9 35 0.69047203552466
9 37 0.15990576202046
9 39 0.8297555073303
9 40 0.34084752404171
10 2 0.78996067996601
10 4 0.27949460841692
10 5 0.14450257837051
10 10 8.3653110810562
10 11 0.39274634858256
10 12 0.9325557583629
10 16 0.18859775931975
10 17 0.88203008141463
10 18 0.98752035712242
10 19 0.013693376916318
10 21 0.62647047295536
10 23 0.090379560874021
10 24 0.4470399494502
10 27 0.36297261079912
10 28 0.57247322591603
10 32 0.50208168546766
10 37 0.45182946438521
10 39 0.30451927627647
11 7 0.20432443274386
11 10 0.39274634858256
11 11 6.2494694207332
11 13 0.29339263601852
11 19 0.51671083994057
11 24 0.76650692837616
11 25 0.87090980162421
11 36 0.77010991879278
11 39 0.36368794337087
12 4 0.22060646918631
12 8 0.64201529912744
12 10 0.9325557583629
12 12 9.5232399292774
12 13 0.86176364955574
12 14 0.14594733349325
12 18 0.51158007071893
12 20 0.52088062256616
12 22 0.33193904689138
12 27 0.041770982575496
12 28 0.035814487857658
12 31 0.61298084566974
12 34 0.46728924543936
12 35 0.32964839382546
12 40 0.039986038599157
13 2 0.77912443446886
13 6 0.183048155244
13 9 0.26318011352009
13 11 0.29339263601852
13 12 0.86176364955574
13 13 17.195093257976
13 14 0.76728066837754
13 15 0.29015552545439
13 19 0.30381065993747
13 21 0.74924887518829
13 23 0.07184490983926
13 25 0.010211845864641
13 27 0.022288634452172
13 31 0.42806724339168
13 35 0.99825095245533
13 39 0.47136025897756
14 6 0.83543993059333
14 7 0.56253893233954
14 8 0.44947382316435
14 12 0.14594733349325
14 13 0.76728066837754
14 14 11.874652942417
14 15 0.99109346605423
14 16 0.16438178725745
14 18 0.40015992354609
14 23 0.75938431767718
14 25 0.36900247138413
14 27 0.37130878091385
14 28 0.77720587410834
14 29 0.38932682452226
14 30 0.24261500418308
14 32 0.62884408823626
14 33 0.091697973241889
14 39 0.21503266795307
14 40 0.84602219650802
15 2 0.13394123927408
15 9 0.12586346507346
15 13 0.29015552545439
15 14 0.99109346605423
15 15 5.9112670016065
15 17 0.6165725503194
15 23 0.19176828497637
15 29 0.084250014314544
15 30 0.18484625508303
15 34 0.7354778357481
15 36 0.34775738248032
16 2 0.69120311117321
16 4 0.65702656361136
16 9 0.96898153515951
16 10 0.18859775931975
16 14 0.16438178725745
16 16 13.361908792161
16 18 0.2301632246143
16 20 0.55499938901281
16 21 0.87669388059373
16 22 0.96404944731111
16 23 0.17541412179145
16 30 0.66875631020812
16 32 0.89343796386078
16 35 0.7902342238418
17 3 0.1118950592875
17 7 0.3644102720378
17 8 0.45080329964441
17 9 0.41544446415056
17 10 0.88203008141463
17 15 0.6165725503194
17 17 6.9380460588412
17 29 0.73497184819308
17 37 0.47244308910912
17 39 0.22239973080456
18 1 0.62740343605513
18 4 0.53512420716468
18 6 0.065299823444942
18 8 0.46504025555451
18 10 0.98752035712242
18 12 0.51158007071893
18 14 0.40015992354609
18 16 0.2301632246143
18 18 9.8499632682163
18 23 0.73776453814365
18 24 0.90949811083707
18 31 0.76083926659117
18 39 0.89112243842852
19 4 0.13256628677834
19 10 0.013693376916318
19 11 0.51671083994057
19 13 0.30381065993747
19 19 8.9962046349729
19 24 0.32650160990958
19 26 0.81154160798133
19 27 0.0060010682819416
19 28 0.20479354877248
19 31 0.37203299131805
19 34 0.85339976141853
19 37 0.016548151158052
20 2 0.98042499878464
20 4 0.49072650656604
20 5 0.75560784235392
20 12 0.52088062256616
20 16 0.55499938901281
20 20 14.182315344789
20 30 0.84758561237137
20 32 0.53104016349234
20 34 0.71534551247738
20 38 0.37059484718861
20 40 0.81751781600412
21 1 0.16104673881133
21 10 0.62647047295536
21 13 0.74924887518829
21 16 0.87669388059373
21 21 7.4099489733771
21 25 0.68825480699924
21 26 0.16709406355726
21 27 0.53247514810994
21 28 0.18570780017679
21 29 0.58535029161039
21 30 0.15539053927892
21 32 0.72014530595399
21 34 0.34893855608485
21 35 0.050407858123261
21 36 0.17937273773336
22 1 0.38778369007063
22 6 0.39426117082791
22 12 0.33193904689138
22 16 0.96404944731111
22 22 10.381682087844
22 28 0.47637113345618
22 29 0.49091491684826
22 30 0.38718440168872
22 31 0.66477967317439
22 33 0.41708286917633
22 36 0.084581306243586
22 40 0.28948285490716
23 4 0.60149103757063
23 10 0.090379560874021
23 13 0.07184490983926
23 14 0.75938431767718
23 15 0.19176828497637
23 16 0.17541412179145
23 18 0.73776453814365
23 23 10.427196516184
23 25 0.78465728312016
23 28 0.75786611147126
23 30 0.50182769936595
23 31 0.77960841719974
23 34 0.85975404403161
23 35 0.41555231130475
23 40 0.23401664580871
24 1 0.27800669254642
24 3 0.13559797365945
24 4 0.39676449838875
24 7 0.55098920993087
24 8 0.88155033247618
24 10 0.4470399494502
24 11 0.76650692837616
24 18 0.90949811083707
24 19 0.32650160990958
24 24 13.688111327662
24 25 0.036352057958186
24 26 0.63912770274986
24 31 0.034917338301855
24 34 0.38449788949662
24 37 0.16895345746025
24 39 0.98920718254019
25 7 0.95569524166905
25 8 0.092106863899206
25 9 0.34901871129359
25 11 0.87090980162421
25 13 0.010211845864641
25 14 0.36900247138413
25 21 0.68825480699924
25 23 0.78465728312016
25 24 0.036352057958186
25 25 17.489413400619
25 26 0.73767508041937
25 32 0.26605037938154
25 33 0.86438619991037
25 34 0.058979515479402
25 35 0.88565412624071
26 9 0.91805180856867
26 19 0.81154160798133
26 21 0.16709406355726
26 24 0.63912770274986
26 25 0.73767508041937
26 26 4.7087629883813
26 27 0.15196697886659
26 31 0.30998595725279
26 33 0.17000235578511
26 38 0.14451311721677
26 39 0.62333930266245
27 2 0.49586930568138
27 4 0.16179380852813
27 10 0.36297261079912
27 12 0.041770982575496
27 13 0.022288634452172
27 14 0.37130878091385
27 19 0.0060010682819416
27 21 0.53247514810994
27 26 0.15196697886659
27 27 10.654120457098
27 30 0.66844386126308
27 33 0.39485370991512
27 35 0.57451367777517
27 37 0.83880657974575
27 38 0.61360928584524
27 39 0.12382100062623
27 40 0.48748235194361
28 2 0.72992430661336
28 3 0.90775406682294
28 6 0.19573178337688
28 10 0.57247322591603
28 12 0.035814487857658
28 14 0.77720587410834
28 19 0.20479354877248
28 21 0.18570780017679
28 22 0.47637113345618
28 23 0.75786611147126
28 28 14.548637232192
28 30 0.75400907627959
28 31 0.92980666874433
28 35 0.84769435173259
28 36 0.14744104777809
29 8 0.2183824406091
29 9 0.25305365550008
29 14 0.38932682452226
29 15 0.084250014314544
29 17 0.73497184819308
29 21 0.58535029161039
29 22 0.49091491684826
29 29 7.0090744819944
29 30 0.070124424095324
29 38 0.35935842728212
30 1 0.8640918027908
30 3 0.9539713808121
30 4 0.17411380455555
30 9 0.99725481355435
30 14 0.24261500418308
30 15 0.18484625508303
30 16 0.66875631020812
30 20 0.84758561237137
30 21 0.15539053927892
30 22 0.38718440168872
30 23 0.50182769936595
30 27 0.66844386126308
30 28 0.75400907627959
30 29 0.070124424095324
30 30 14.418345888396
30 32 0.76534378936763
30 34 0.23716885980087
30 39 0.36008066980172
31 12 0.61298084566974
31 13 0.42806724339168
31 18 0.76083926659117
31 19 0.37203299131805
31 22 0.66477967317439
31 23 0.77960841719974
31 24 0.034917338301855
31 26 0.30998595725279
31 28 0.92980666874433
31 31 11.969976182393
31 37 0.9050517156278
31 39 0.66778048904044
31 40 0.069972720961074
32 1 0.032589597177035
32 5 0.28406941438283
32 6 0.32574296525016
32 7 0.73439186379984
32 8 0.37718877679538
32 10 0.50208168546766
32 14 0.62884408823626
32 16 0.89343796386078
32 20 0.53104016349234
32 21 0.72014530595399
32 25 0.26605037938154
32 30 0.76534378936763
32 32 8.188723889762
32 36 0.085669084957647
32 37 0.15818611353551
33 3 0.71610964448941
33 5 0.93647692303009
33 6 0.044251194710029
33 14 0.091697973241889
33 22 0.41708286917633
33 25 0.86438619991037
33 26 0.17000235578511
33 27 0.39485370991512
33 33 7.3317422807831
33 35 0.48774317115906
33 36 0.082297921219048
34 1 0.65382667428526
34 3 0.17507189986067
34 5 0.63197515561803
34 6 0.97404789644016
34 12 0.46728924543936
34 15 0.7354778357481
34 19 0.85339976141853
34 20 0.71534551247738
34 21 0.34893855608485
34 23 0.85975404403161
34 24 0.38449788949662
34 25 0.058979515479402
34 30 0.23716885980087
34 34 9.526953832234
35 1 0.086985417216544
35 2 0.27252646920855
35 9 0.69047203552466
35 12 0.32964839382546
35 13 0.99825095245533
35 16 0.7902342238418
35 21 0.050407858123261
35 23 0.41555231130475
35 25 0.88565412624071
35 27 0.57451367777517
35 28 0.84769435173259
35 33 0.48774317115906
35 35 9.6782142715321
35 37 0.46525000709354
36 2 0.77687602340098
36 8 0.89669200028139
36 11 0.77010991879278
36 15 0.34775738248032
36 21 0.17937273773336
36 22 0.084581306243586
36 28 0.14744104777809
36 32 0.085669084957647
36 33 0.082297921219048
36 36 6.2412175389689
37 1 0.40200153943244
37 4 0.6646953083876
37 5 0.64256973827377
37 6 0.25235791748965
37 8 0.093096737327565
37 9 0.15990576202046
37 10 0.45182946438521
37 17 0.47244308910912
37 19 0.016548151158052
37 24 0.16895345746025
37 27 0.83880657974575
37 31 0.9050517156278
37 32 0.15818611353551
37 35 0.46525000709354
37 37 12.84322286712
37 39 0.87835343781782
38 7 0.21948499289317
38 8 0.46409616268431
38 20 0.37059484718861
38 26 0.14451311721677
38 27 0.61360928584524
38 29 0.35935842728212
38 38 3.7813852721601
39 1 0.05686855225678
39 2 0.45190062068957
39 4 0.22032083488084
39 5 0.63454246457412
39 8 0.040845128726608
39 9 0.8297555073303
39 10 0.30451927627647
39 11 0.36368794337087
39 13 0.47136025897756
39 14 0.21503266795307
39 17 0.22239973080456
39 18 0.89112243842852
39 24 0.98920718254019
39 26 0.62333930266245
39 27 0.12382100062623
39 30 0.36008066980172
39 31 0.66778048904044
39 37 0.87835343781782
39 39 15.054721949321
40 3 0.86687606799736
40 8 0.77305414517087
40 9 0.34084752404171
40 12 0.039986038599157
40 14 0.84602219650802
40 20 0.81751781600412
40 22 0.28948285490716
40 23 0.23401664580871
40 27 0.48748235194361
40 31 0.069972720961074
40 40 7.2585664720718
